custommap=[255 255 255
    %fire first 
255 185 57
%213 84 0
114 0 0
0 0 0
%ice second
57 185 255
%0 84 213
0 0 114
1 1 1
];

custommap= custommap./255;